0.05 -0.582812 1.14904 -0.55786
0.06 -0.689807 1.3756 -0.67592
0.07 -0.792438 1.59734 -0.788877
0.08 -0.886645 1.81003 -0.892321
0.09 -0.969041 2.01026 -0.982738
0.1 -1.0377 2.19607 -1.05823
0.11 -1.09214 2.36682 -1.11842
0.12 -1.13294 2.52282 -1.16402
0.13 -1.16139 2.6649 -1.1964
0.14 -1.17907 2.79417 -1.21727
0.15 -1.18768 2.91181 -1.22842
0.16 -1.18883 3.01901 -1.23154
0.17 -1.18397 3.11685 -1.22817
0.18 -1.17438 3.20634 -1.21967
0.19 -1.16112 3.28838 -1.20715
0.2 -1.1451 3.36377 -1.19158
0.21 -1.12702 3.43323 -1.17373
0.22 -1.10749 3.49737 -1.15422
0.23 -1.08697 3.55674 -1.13356
0.24 -1.06583 3.61182 -1.11216
0.25 -1.04437 3.66304 -1.09033
0.26 -1.02281 3.71077 -1.06833
0.27 -1.00134 3.75534 -1.04634
0.28 -0.980078 3.79704 -1.02452
0.29 -0.959141 3.83613 -1.00299
