0 nan nan nan
1 -0.398046 0.835388 -0.437068
2 -0.563479 1.18119 -0.616869
3 -0.688587 1.4438 -0.75118
4 -0.788963 1.65898 -0.857074
5 -0.870365 1.84055 -0.941407
6 -0.936453 1.99645 -1.00872
7 -0.990057 2.13208 -1.06244
8 -1.03345 2.25137 -1.10527
9 -1.06848 2.35728 -1.13931
10 -1.09663 2.45208 -1.16621
11 -1.11912 2.53755 -1.18732
12 -1.13692 2.61509 -1.20366
13 -1.15083 2.68585 -1.2161
14 -1.1615 2.75074 -1.22531
15 -1.16947 2.81052 -1.23184
16 -1.17518 2.86583 -1.23616
17 -1.17899 2.91719 -1.23863
18 -1.18121 2.96505 -1.23955
19 -1.18208 3.00978 -1.23918
20 -1.18183 3.05171 -1.23773
21 -1.18061 3.09111 -1.23537
22 -1.17859 3.12823 -1.23226
23 -1.17589 3.16328 -1.22851
24 -1.17261 3.19645 -1.22424
25 -1.16884 3.2279 -1.21952
26 -1.16467 3.25776 -1.21444
27 -1.16016 3.28617 -1.20905
28 -1.15536 3.31325 -1.20342
29 -1.15033 3.33908 -1.19758
